[[ 6.3969069e-03  7.4985335e-03  6.3923514e-03 -6.1369766e-03
  -6.7944769e-03 -3.6256262e-03 -3.4291279e-03  3.6867831e-03
  -5.3364406e-03 -6.7704669e-03 -3.7020796e-03  7.7760285e-03
  -3.7306042e-03  1.2006152e-03  7.0411763e-03  3.4693230e-03
  -7.7803712e-04  7.4719838e-03 -4.7624814e-03  4.4264887e-03
   3.2293336e-03 -2.8180219e-03 -7.4725552e-04 -7.0521287e-03
   4.2213465e-05 -2.1252553e-03  7.9380190e-03 -3.7796418e-03
  -5.4111732e-03  8.9946686e-04 -6.2609459e-03 -6.3794293e-03
  -5.2504335e-03 -4.8824931e-03 -3.4822689e-03 -1.5725447e-03
  -1.9885544e-03  4.6185357e-03  5.4730345e-03 -3.6319459e-03
  -5.0801509e-03  6.2482920e-04 -3.6111621e-03  2.0690477e-05
   5.7473672e-03  3.1108675e-03 -4.3331385e-03 -1.0274971e-03
   1.4651554e-04 -6.4730351e-03  7.8979461e-03  6.6596535e-03
  -2.3886849e-05  4.6850853e-03  3.6090810e-03  6.9362638e-03
   2.9235096e-03 -7.4326014e-03 -1.9633821e-03  2.8732424e-03
  -4.5870573e-04  3.9257128e-03  2.8237540e-03  3.5440887e-03
   4.4395151e-03  4.6206405e-03 -3.9983219e-03  3.7081463e-03
   7.8371242e-03  8.7051990e-04 -6.1857612e-03 -6.8762815e-03
   2.7775194e-03  2.8729755e-03 -5.5886139e-03  1.0358605e-04
  -4.1966094e-03 -4.5682751e-03 -4.3141749e-03 -3.5435536e-03
  -7.7564334e-03 -2.9275746e-03 -3.2472562e-03 -2.5466227e-03
  -3.8146512e-03  5.3892732e-03  4.0047010e-03 -4.8620426e-03
   7.5137417e-04 -1.2590984e-03  4.4750050e-03 -2.0654600e-03
  -1.1654338e-04  7.2276364e-03  6.2813825e-04  6.7296582e-03
  -2.8632199e-03 -2.0131211e-04 -5.8918406e-04 -3.0858959e-03
  -1.7241130e-03 -5.8457367e-03  3.5725557e-03  7.0335539e-03
   7.5083775e-03  7.1998709e-03  7.2412081e-03 -6.2282928e-03
  -5.0272909e-03 -5.3018685e-03 -2.1399620e-03 -4.9506137e-03
  -1.2271579e-03 -3.0157119e-03  4.3023112e-03  5.1235869e-03
  -2.2146415e-03  6.6434382e-03  3.5251626e-03 -4.9890992e-03
   2.1912712e-03  2.8088717e-03  1.2256209e-03  7.4127023e-03
  -1.2087950e-03  5.0818380e-03  3.0391677e-03  5.2022962e-03]]